# oST version 5.0 parameters


[image]

width
720

height
540

[narrow_stereo]

camera matrix
1218.641027 0.000000 344.579207
0.000000 1214.391902 307.645155
0.000000 0.000000 1.000000

distortion
0.004187 -0.048726 0.004211 -0.009781 0.000000

rectification
1.000000 0.000000 0.000000
0.000000 1.000000 0.000000
0.000000 0.000000 1.000000

projection
1219.342407 0.000000 341.058879 0.000000
0.000000 1219.710083 308.811648 0.000000
0.000000 0.000000 1.000000 0.000000
